4.167481211856325
3.2308434422889625
3.467563605139009
5.134493573774465
4.167481211856325
3.2308434422889625
3.467563605139009
5.134493573774465
3.4752799505305325
3.872533017436274
3.373648510636707
5.181881643115405
3.286185967946135
5.089310093008168
2.8739880548670897
3.305124711080031
5.497456605001036
5.419825283095365
3.6273976647864576
3.509830259507199
3.775552393954398
2.0945550067474152
3.932319355030755
3.314499115874273
1.6304220733640613
5.281819325128369
2.842983355839055
3.6990336919133022
2.6873338401483005
2.959425668838501
3.5458647923830955
4.167833059792793
3.2912308945190403
4.580580835804257
2.903795869018188
3.9889353253097775
5.476554938498824
4.646357253501614
3.0611129913790713
4.3414098530888285
3.9288311259753166
4.4891675145184085
4.407196648250762
5.035456033038871
5.0201845561680205
6.590682648676578
5.072508355210859
3.779064594953008
6.086586514307514
4.110478732909149
4.525931965823043
5.388824683165838
4.239556231678419
3.157943868047108
2.9907496305642334
4.0698249635431925
4.610688558681618
3.644994964961866
1.7809706501168585
3.0087698383647976
4.722559909859031
2.8319999511058804
4.428077144725238
4.597427092924599
3.372012918444797
2.0594266665079197
3.153820797596199
4.601188716284307
2.6270943186757614
5.146880426816972
4.847198967028911
3.8163186031490413
2.5072799523368112
3.3773556263637263
4.61466769369885
1.3899168600280256
4.919515470451701
3.5020124419698626
3.43381088863195
3.850449824704699
2.2315208314399038
3.9134606480924057
5.071221549603367
4.248945138979407
3.6874374460095596
3.5806884113471313
2.0759199860580133
3.8909417056232614
3.4646383405650174
4.8629611941995865
3.5780885321749376
2.965644105049384
5.719169060186106
5.604246111775312
4.343635923015144
6.0617277130129725
3.5510426023899035
4.588349198236971
4.313405330957197
3.301379821381953
2.2200447046886347
4.248437732848936
3.05838356253347
6.341197400143871
0.5860307175914294
1.7202890486533584
0.626064070237677
3.8112150439012784
0.9283087637761462
2.5411767988550076
4.047480518140903
2.7601501222650975
2.8132405565035286
0.05753986214368689
1.995134745118238
3.237588223503168
1.4953350886331571
2.1897034888583016
4.572503432476454
3.090268841318148
4.10191146136601
2.8669461668420575
0.8326401631406832
1.5557111775395236
3.320422183499646
3.6130716268258536
1.7230504919771783
3.035246745823438
0.8620665016939477
3.1125301113418566
2.60255825652955
1.9627711689912268
2.801104889991097
6.39729403020816
2.63222659755674
1.003479381281425
3.720550171304352
1.7138749453478845
0.8996412254327191
1.7391814304642588
5.30350033922028
1.3735129942225819
3.8752799841970096
5.1918751415026225
1.35996438402073
3.8495109235971356
1.6786741704056447
0.4717181716470287
0.0
2.995115429911588
2.192961701411401
1.8621738953297773
2.2416796428378256
3.919114342681033
2.6009494381962477
6.136216946194155
3.1864461971544764
3.1879609956587154
