3.028462432718725
2.438368086738171
2.587504961436199
3.6376931789065194
3.028462432718725
2.438368086738171
2.587504961436199
3.6376931789065194
2.5923663624335926
2.842641117863102
2.5283371934167267
3.667548297601914
2.4732346195042645
3.609226980555124
2.2135444107213322
2.4851662814619626
3.8663647523640945
3.8174559792866516
2.6882025608258155
2.6141335200706686
2.781542025507732
1.7224911458308325
2.880307311697762
2.491072282101431
1.4300811783154357
3.730510376457107
2.194011034863851
2.733334217854323
2.095949754240766
2.267371252406231
2.636835758653188
3.02868410163354
2.476412990848326
3.288720731432181
2.2323237330678216
2.9159761316400603
3.8531964223807504
3.3301607560000503
2.3314356282393858
3.1380398073774343
2.8781096806497954
3.231129114063388
3.179486369887047
3.5752982011181613
3.5656769660483603
4.555111809350282
3.5986416605958196
2.783754759201126
4.2375244896981625
2.9925501071361884
3.2542912110370805
3.797925185916159
3.073870661027839
2.3924403780953964
2.287105768041452
2.9669376876661415
3.307689000295059
2.6992890957440343
1.5249287990538987
2.2984587404305747
3.3781694506376594
2.1870913427019003
3.1926413624692342
3.299334099161565
2.5273067484185265
1.7003598207524275
2.3898427884612685
3.3017039722847654
2.057998048490165
3.6454970623098673
3.4566937268455957
2.80722528357657
1.9825133921576379
2.530672726000919
3.310195908677204
1.2785596710907212
3.502254093059082
2.609208190261664
2.5662402977428913
2.8287284105225465
1.8087814507594215
2.868426073615761
3.59783095581962
3.079785798440894
2.7260284275427074
2.658775105244721
1.7107508330831136
2.854238838101394
2.5856620055553927
3.466624141180449
2.6571371465272833
2.2712889505475067
4.006046570126588
3.933643572634881
3.139442261260842
4.22186311176917
2.6400978483412754
3.293614903862564
3.1203965831677207
2.482806950769824
1.8015513371234873
3.0794661257793434
2.3297160514917072
4.397932759617208
0.7721006291036927
1.486698576985023
0.7973221777266017
2.8040099728616577
0.9877403848015289
2.0038688596893364
2.9528603876421924
2.1418249877286213
2.175272672722385
0.43914430827735185
1.6598550487509725
2.4426173892846794
1.3449745677395155
1.7824359645713796
3.2836318590966753
2.349804204395837
2.9871526112606785
2.209107926902706
0.9274678844207953
1.3830123128034613
2.4948038940758313
2.67917696493856
1.4884383232829803
2.3151395469259297
0.946006872028792
2.3638291028167115
2.0425400005493968
1.6394655621118828
2.1676270401989397
4.433274388264951
2.061231452958853
1.0350988811327424
2.7468898881962636
1.4826576059521726
0.9696794514938203
1.4986010306879818
3.7441697058653913
1.2682250158178645
2.844371743732327
3.673844335500948
1.2596892098363268
2.8281368902432993
1.4604806460403976
0.7000821933453407
0.2341135398879315
2.2898562801329616
1.7844886821406005
1.5760879316794698
1.8151816380704302
2.871987976967353
2.041526423440895
4.268792326845502
2.410397227370548
2.411351570726853
